100
16 92
36 76
96 6
91 50
69 11
23 12
36 66
2 4
19 8
38 5
14 97
37 81
67 46
66 62
32 23
81 13
21 86
41 69
17 10
82 91
65 76
39 56
82 78
0 81
14 95
51 52
46 33
13 53
80 17
88 3
12 94
94 10
3 39
16 12
19 11
61 31
42 65
77 14
80 83
87 7
15 53
59 73
70 7
89 57
4 70
33 65
88 70
83 5
91 33
2 20
31 13
5 70
47 86
43 25
3 4
85 99
94 46
98 45
79 92
45 26
44 32
35 47
42 36
47 50
89 6
18 38
49 10
41 84
49 26
41 21
5 92
99 15
68 27
1 71
79 68
26 30
1 34
99 88
58 42
47 39
73 75
95 27
40 45
16 64
51 94
20 24
28 14
13 8
54 53
98 78
70 16
42 87
19 55
3 45
82 29
79 69
75 94
32 82
93 35
