1000
164 925
362 765
967 65
918 501
696 110
230 123
368 661
27 43
196 81
380 56
141 971
373 818
676 468
668 620
325 231
813 132
219 864
418 690
175 107
825 916
656 767
392 563
827 780
3 812
140 950
513 525
468 336
133 534
803 178
882 34
121 943
942 107
32 394
160 127
193 112
614 311
421 651
775 144
805 832
876 72
153 533
590 732
704 77
896 572
40 709
330 656
888 701
834 53
918 336
26 202
310 135
51 708
475 868
432 259
39 43
856 997
947 461
986 455
791 924
459 263
442 324
358 479
423 365
472 505
899 60
188 381
494 108
419 840
492 267
411 217
50 926
999 153
687 277
10 714
791 688
260 301
10 341
997 885
587 421
475 393
730 757
959 270
405 457
165 641
510 942
202 241
285 141
138 86
547 533
989 780
705 164
428 870
195 553
33 456
821 294
799 699
759 947
329 824
932 351
192 685
953 365
582 632
559 712
400 677
687 402
193 882
142 443
454 796
793 679
267 689
164 558
289 46
6 276
682 139
305 946
456 399
601 843
128 270
409 496
43 577
566 346
52 217
645 516
711 265
298 754
576 871
671 370
130 78
408 232
164 516
709 394
347 712
295 928
487 47
759 159
837 525
927 121
3 146
589 44
840 634
314 581
270 435
993 282
329 336
612 294
434 739
686 143
542 144
987 116
387 797
293 337
914 481
828 880
97 743
259 971
236 534
289 866
737 408
779 909
987 395
627 792
308 18
412 759
472 767
696 184
231 990
150 988
513 441
562 566
712 302
346 187
821 135
717 987
422 416
699 28
365 977
272 707
447 133
277 819
963 951
67 455
252 545
883 797
279 107
988 86
829 89
60 296
831 121
987 725
133 912
822 810
205 833
626 935
953 365
125 598
366 62
246 477
468 619
607 121
562 125
691 403
705 52
240 61
197 914
902 324
740 440
469 834
811 84
792 239
373 650
470 433
385 453
908 161
707 590
388 667
775 764
850 680
769 830
127 959
80 68
793 926
839 662
472 678
511 137
72 25
391 516
115 481
543 789
267 735
355 962
83 646
771 462
866 572
625 865
927 124
39 941
266 6
447 916
750 562
646 439
678 52
702 172
606 991
444 353
514 221
811 199
867 643
407 257
938 708
538 665
624 705
773 566
493 333
995 467
145 657
795 868
894 285
802 917
398 942
731 999
735 90
52 136
782 554
17 884
456 82
947 874
999 38
980 246
253 700
616 366
928 575
14 693
745 447
620 226
218 662
16 530
752 564
764 631
274 682
940 878
586 124
790 415
120 893
460 953
286 281
749 895
552 348
216 110
396 198
116 515
457 188
187 922
13 65
202 985
540 557
441 898
980 928
802 840
821 67
320 20
636 2
931 506
521 215
960 408
28 255
473 136
152 683
435 0
764 396
671 353
293 172
758 883
674 89
210 104
564 517
803 85
835 730
283 631
848 958
355 553
670 185
642 831
19 942
955 21
223 209
749 307
749 647
628 556
359 161
2 823
890 211
231 867
870 801
308 830
45 6
414 443
698 172
308 461
144 580
580 345
741 413
767 61
233 991
875 549
639 849
953 517
34 838
924 760
491 774
406 255
214 569
123 793
978 620
451 470
412 368
389 613
822 572
879 628
276 904
461 820
982 985
809 699
910 142
9 880
682 991
821 866
872 287
730 429
601 910
371 515
95 676
21 763
177 944
5 238
230 105
655 294
143 97
614 649
488 413
173 664
439 846
101 315
885 8
801 779
400 852
323 736
104 494
107 930
503 382
11 288
193 654
475 458
443 252
952 863
5 15
895 578
569 390
257 130
418 149
578 180
90 461
977 73
750 771
535 713
657 663
902 133
238 894
188 332
429 43
692 181
594 767
432 872
718 820
136 21
30 831
611 12
865 188
925 29
524 631
562 65
448 459
748 941
596 71
530 973
226 178
42 47
63 959
537 106
497 755
885 303
452 31
212 302
764 742
815 565
337 873
586 244
908 810
944 182
77 265
597 26
70 763
944 538
306 739
611 330
151 287
309 339
171 783
795 660
849 774
804 328
959 522
587 35
495 243
184 781
853 383
357 583
762 804
852 916
875 412
519 16
772 657
961 414
446 658
960 725
467 283
849 186
60 647
891 800
610 554
737 814
80 677
704 774
537 482
21 327
66 678
8 159
447 757
97 268
51 847
508 357
131 935
263 223
745 332
367 863
106 291
72 926
309 667
250 13
818 671
587 462
875 394
411 183
841 803
217 663
321 282
7 475
758 607
794 854
501 393
193 804
359 97
912 992
670 375
150 687
170 191
518 585
263 272
432 880
637 735
3 55
903 411
768 900
835 99
322 68
401 769
632 738
30 102
28 338
5 256
269 88
759 346
809 684
79 491
674 516
319 536
200 522
804 812
287 46
653 448
303 805
198 392
197 557
654 567
560 230
606 756
444 614
805 324
910 173
446 879
759 396
132 135
191 95
506 275
175 10
110 432
501 902
671 304
42 73
175 204
543 548
805 74
162 922
268 77
762 841
332 7
523 843
380 580
102 907
719 6
52 706
154 458
263 462
855 52
609 264
831 391
622 228
984 428
42 848
172 82
256 703
582 341
738 870
6 198
293 800
75 250
261 372
804 306
209 880
185 228
301 476
681 224
773 578
653 816
738 7
85 848
689 22
29 553
396 777
357 460
367 86
93 145
852 7
465 729
191 46
99 708
972 804
195 818
46 31
459 502
351 524
606 863
567 149
491 230
101 108
306 600
400 476
727 989
361 166
472 681
562 747
975 276
753 435
660 434
13 666
483 221
229 315
163 853
875 905
459 856
633 990
451 818
904 998
143 996
3 468
197 389
435 535
243 216
21 217
35 81
112 572
75 426
950 557
421 988
138 630
861 962
71 377
978 379
855 582
572 933
99 572
253 816
564 539
816 570
6 666
101 114
780 263
485 715
30 193
46 922
827 286
142 775
766 217
36 940
938 82
78 82
551 748
138 574
109 353
569 591
808 843
924 37
610 685
112 63
621 42
31 170
800 662
624 695
73 52
431 286
869 441
374 474
46 299
116 680
220 36
607 613
280 381
495 276
540 25
740 771
965 11
934 761
48 191
966 733
950 987
928 867
949 28
110 661
410 549
123 232
585 155
746 554
398 323
360 971
657 769
833 454
496 528
698 499
161 786
482 555
607 39
325 195
636 11
485 531
831 948
628 848
885 492
106 387
768 264
540 80
106 847
618 584
596 530
292 340
531 498
231 182
169 97
964 914
943 54
716 126
676 799
31 617
772 519
74 472
796 156
128 785
555 388
842 339
868 566
66 228
14 496
52 660
699 25
220 857
868 354
886 717
665 294
142 27
520 627
14 782
47 587
668 774
622 241
825 421
951 243
584 116
614 846
29 199
296 261
176 119
174 890
17 693
492 524
141 914
434 508
981 777
934 63
848 403
792 635
974 843
409 476
704 718
215 268
928 628
653 874
731 599
954 840
557 223
517 660
688 208
836 850
633 680
268 936
711 334
575 400
822 774
17 602
718 332
179 208
407 704
966 142
262 436
326 343
36 529
53 194
109 543
52 34
811 746
809 658
62 854
489 464
307 717
194 898
617 833
101 30
658 311
186 917
517 471
311 869
92 610
270 958
167 3
853 487
167 435
372 84
418 994
394 217
991 9
611 330
663 842
50 458
162 128
271 533
970 296
640 677
206 260
455 564
108 160
194 6
753 563
221 283
138 628
93 400
118 312
211 829
662 763
794 452
764 950
867 385
856 167
36 128
739 9
968 135
139 993
480 647
83 456
540 959
953 348
565 557
566 178
508 172
14 65
523 686
815 86
620 590
887 528
205 412
672 127
691 800
960 155
162 915
479 700
984 122
750 843
244 363
676 887
716 379
143 937
390 154
105 973
358 214
381 417
546 286
296 264
400 540
533 13
661 745
201 742
702 655
4 570
127 694
872 381
553 568
633 157
844 659
746 367
958 845
373 579
991 663
791 483
283 243
399 561
477 956
657 641
764 514
358 602
965 641
529 246
625 769
706 97
251 356
330 688
902 284
702 248
535 831
95 496
36 570
584 245
991 193
935 637
293 297
867 995
689 562
944 497
66 700
857 702
362 108
475 433
279 653
233 224
888 680
163 446
690 89
651 129
86 744
385 149
664 22
625 591
233 762
8 634
404 111
208 459
816 146
835 737
21 723
972 507
339 435
931 968
538 122
368 359
552 488
126 419
717 585
580 269
832 776
274 340
40 898
600 962
71 547
981 260
914 147
372 261
941 105
551 241
331 983
113 199
944 329
479 144
166 792
383 616
378 387
22 426
537 746
206 22
169 4
742 763
487 459
967 306
741 673
641 180
303 671
31 583
72 198
617 335
920 500
770 602
378 652
993 33
932 532
495 566
114 95
355 270
418 791
52 994
99 651
893 225
208 321
521 466
795 275
419 586
378 762
378 757
144 167
594 132
878 84
107 277
281 24
787 275
735 702
9 750
424 66
246 550
221 253
836 909
107 725
60 980
480 251
853 232
885 879
912 845
377 873
440 554
649 5
275 694
485 538
532 632
283 177
402 610
932 454
920 716
992 412
998 377
139 517
274 419
587 181
314 192
277 384
661 943
967 755
30 765
468 477
228 652
719 965
515 737
990 827
736 844
569 629
609 90
341 195
428 314
193 106
951 329
202 643
197 847
852 128
822 308
846 379
11 295
473 875
486 418
873 794
510 503
915 913
291 430
948 223
643 231
412 726
919 196
581 243
186 154
909 939
705 173
650 879
532 251
216 732
470 461
288 25
869 438
68 677
768 110
305 734
48 242
348 300
629 832
475 673
520 373
501 324
632 479
858 870
166 639
514 0
419 293
87 598
101 16
930 222
653 601
825 469
700 113
840 759
956 537
781 967
121 31
971 676
850 501
380 912
163 380
113 583
44 333
358 228
666 734
412 180
290 596
330 379
622 971
271 900
733 209
882 402
776 277
602 235
714 572
443 609
248 763
764 183
476 564
163 264
281 212
434 87
689 515
984 684
797 637
397 353
891 673
640 762
793 765
441 291
793 173
85 249
629 742
325 370
703 61
289 956
691 104
284 575
171 502
882 505
476 747
648 381
590 473
876 652
930 532
767 482
54 497
107 356
119 883
67 544
108 271
536 818
30 465
553 242
757 742
427 224
862 260
614 506
179 819
582 376
141 583
875 668
841 927
176 805
548 873
244 947
9 299
256 947
51 336
911 83
586 469
974 450
198 846
228 819
293 169
822 752
285 52
534 589
87 194
550 670
553 620
164 273
545 81
899 930
395 948
191 949
691 118
343 206
466 80
586 765
585 168
544 685
269 144
812 654
581 757
563 111
985 229
177 186
485 741
689 741
77 989
73 659
129 103
554 752
599 827
647 940
109 931
684 969
22 557
146 234
429 980
650 203
824 989
262 807
889 788
719 114
63 254
203 895
14 358
564 31
112 698
464 50
218 763
449 718
862 675
329 911
669 232
344 329
559 736
922 408
150 840
581 658
648 721
381 510
614 168
921 520
348 995
936 45
977 662
631 653
211 358
592 21
1 652
856 681
670 932
740 629
418 137
252 315
569 773
669 683
42 606
638 750
449 913
964 183
946 395
114 977
652 982
894 563
795 139
469 28
765 687
96 247
87 669
327 975
697 78
588 202
371 292
812 160
156 92
138 115
778 409
63 274
632 225
247 249
901 758
439 109
42 782
412 830
967 219
535 105
878 548
232 274
881 519
270 719
633 597
781 727
123 238
215 868
851 745
308 104
243 712
741 506
194 291
538 626
295 623
599 296
374 963
165 536
828 641
801 957
50 188
304 82
492 555
830 463
689 936
185 87
845 284
394 436
219 631
461 429
649 184
289 168
716 949
223 105
624 894
614 247
844 626
353 477
716 931
800 652
397 706
810 54
767 508
15 209
501 40
666 962
586 185
482 856
820 985
522 351
992 794
752 802
990 295
377 869
425 256
719 408
345 531
618 464
749 143
580 799
430 892
321 971
155 444
613 329
278 502
607 232
127 741
988 833
459 813
291 7
939 740
392 790
496 307
361 128
637 652
862 363
404 71
33 619
805 287
144 964
950 472
824 816
611 363
165 156
451 829
699 124
380 100
509 854
386 5
469 219
362 942
741 172
64 386
357 512
957 571
901 180
682 290
522 650
391 380
213 673
487 778
786 726
466 859
649 146
453 815
943 581
233 96
460 864
935 969
589 394
682 827
791 742
214 39
855 466
830 996
152 604
433 132
257 638
738 248
103 489
494 964
183 546
488 230
402 467
853 211
724 682
253 154
334 17
307 830
480 872
252 465
139 626
404 190
916 383
242 892
39 492
308 252
833 66
162 622
487 422
392 981
376 59
886 677
419 634
673 529
996 827
823 975
580 14
147 404
43 781
29 133
622 116
81 264
810 299
529 932
400 253
465 189
871 124
278 613
630 938
768 249
121 373
839 978
604 8
199 116
500 742
635 674
167 475
727 561
627 790
413 900
323 715
697 73
132 19
696 116
751 425
955 952
779 602
578 158
172 320
725 768
549 579
712 335
452 533
798 608
907 437
370 770
24 489
678 549
674 953
566 197
135 904
153 274
648 487
465 69
78 278
395 895
638 273
948 115
591 318
879 507
298 712
613 936
652 350
424 557
576 273
390 141
567 523
475 254
857 435
594 767
87 812
580 130
710 423
758 211
744 542
151 58
496 866
637 661
151 830
380 54
7 574
771 907
811 965
240 888
376 841
911 990
269 664
560 198
472 420
536 127
446 326
833 132
844 457
394 47
397 821
379 955
228 618
760 328
851 327
582 439
875 469
236 324
136 717
847 558
981 740
951 695
238 389
448 945
812 449
111 263
93 473
528 535
110 881
789 600
566 806
694 71
912 824
815 84
749 310
508 981
402 938
66 512
838 672
804 649
106 501
548 946
768 147
102 331
949 710
38 890
217 799
239 114
584 821
145 282
999 847
405 387
127 78
774 13
402 851
797 609
59 170
434 527
0 529
64 175
56 846
446 12
819 514
585 498
322 138
223 972
283 791
773 176
115 181
693 532
205 10
659 766
268 816
763 531
678 781
112 62
772 811
702 920
720 959
74 659
480 626
908 755
161 548
675 754
528 541
944 796
593 203
262 433
867 395
396 925
990 165
222 68
515 528
347 861
446 944
267 406
629 602
885 677
450 627
742 923
617 150
355 365
25 792
60 877
640 172
851 632
744 807
580 392
94 14
734 694
768 427
908 534
443 351
107 269
817 493
247 776
318 262
59 653
856 119
553 421
816 213
138 128
294 516
585 100
628 975
837 283
228 495
901 531
133 18
696 147
774 516
439 57
207 562
928 953
746 806
683 324
496 347
980 725
532 112
505 599
614 348
42 811
239 148
682 126
478 586
855 672
166 413
190 508
771 830
484 341
461 14
436 252
466 604
733 27
544 129
229 857
833 670
954 182
678 580
111 244
263 960
107 881
397 837
894 101
664 592
546 292
99 783
107 604
951 931
656 189
302 807
406 20
369 412
224 463
611 294
421 899
485 340
13 180
593 784
292 63
894 379
720 181
196 632
885 351
956 689
717 261
390 619
477 311
982 936
119 797
378 489
734 997
958 65
946 344
181 76
178 842
434 981
274 373
156 263
867 819
751 408
597 899
706 113
134 503
916 140
603 215
510 932
831 317
658 671
852 445
230 522
586 480
859 580
762 959
591 477
829 785
475 192
453 843
463 940
252 234
171 290
88 466
956 690
688 646
711 658
2 184
261 439
281 716
698 972
345 502
766 634
454 205
613 210
110 817
930 64
568 484
624 228
444 955
887 718
36 694
366 218
664 894
416 2
483 343
924 686
645 237
715 544
330 805
998 451
295 758
699 951
186 357
648 736
203 159
849 538
184 895
554 556
741 2
441 722
439 137
109 455
958 724
359 813
18 632
843 953
770 701
765 333
818 442
670 115
70 957
676 712
406 773
991 655
550 966
969 453
797 721
408 54
291 6
551 881
687 685
137 433
192 891
843 30
387 35
772 976
135 985
523 707
603 157
714 455
458 899
622 62
199 309
765 723
448 807
620 639
271 114
67 838
539 305
639 457
899 570
685 756
713 389
102 509
282 273
929 479
446 416
869 666
388 796
850 142
149 700
582 270
956 93
527 719
610 454
484 872
907 680
656 792
777 300
8 612
770 484
940 398
298 920
982 182
491 257
980 428
235 856
495 766
880 948
787 327
632 272
729 629
200 885
641 355
745 847
356 638
912 841
321 767
183 53
719 108
904 755
897 47
747 330
601 557
651 178
897 508
963 447
320 227
908 565
357 134
435 444
56 826
311 251
649 947
868 851
34 525
782 763
191 427
284 779
546 426
375 163
490 123
395 125
754 955
840 482
838 583
430 787
425 338
179 500
268 451
504 224
333 237
993 891
938 686
17 618
175 827
5 903
412 375
823 143
371 279
844 202
336 772
216 273
100 411
662 312
260 129
981 15
541 324
87 279
707 991
771 317
744 119
282 773
897 292
418 173
128 969
452 290
873 304
91 517
855 35
536 804
255 760
985 318
556 549
441 380
67 84
703 879
706 712
615 27
402 225
369 740
19 864
66 403
176 392
666 766
178 841
154 414
544 525
540 82
406 493
773 480
472 243
560 304
424 707
480 377
670 88
262 390
359 811
102 976
280 372
890 745
781 317
121 377
138 123
441 997
547 989
369 437
521 225
104 810
523 138
166 568
794 163
904 923
788 855
259 435
828 494
261 439
280 434
849 394
919 460
543 949
443 216
697 170
413 974
279 703
410 891
269 939
28 291
681 41
853 955
931 212
584 475
221 2
320 441
819 957
81 522
520 68
58 427
865 386
612 716
527 50
189 355
924 718
882 786
710 499
354 614
49 877
371 633
72 353
788 638
32 952
413 956
906 349
566 264
434 848
823 102
805 216
107 376
316 345
636 318
360 213
169 101
313 898
374 595
597 917
359 179
136 217
740 261
330 388
816 681
68 680
396 924
975 164
519 443
162 45
832 542
42 396
10 60
937 309
942 14
368 156
