573 
0 1
0 2
0 3
0 4
0 5
1 2
2 5
3 5
2 4
3 4
2 3
6 7
6 8
6 9
8 7
9 7
8 10
9 10
8 11
9 11
8 9
12 13
14 13
13 15
13 16
17 13
18 13
19 13
20 15
17 15
15 16
12 15
15 21
14 15
12 18
12 19
20 16
17 16
20 22
20 12
22 21
14 22
23 24
25 24
26 24
27 24
28 24
29 24
30 24
31 24
24 32
24 33
27 34
27 28
35 34
34 36
34 37
23 30
31 30
23 31
31 33
31 32
38 37
37 39
36 37
35 37
40 39
41 39
40 42
42 29
41 42
25 28
26 28
38 36
43 44
45 44
46 47
48 47
43 47
49 47
43 45
49 45
46 45
48 45
43 50
49 50
43 49
43 51
43 52
46 43
46 49
49 52
53 52
51 52
51 53
54 55
56 55
57 55
58 55
59 55
55 60
55 61
62 55
63 55
64 55
65 55
66 55
67 55
68 60
69 60
57 60
57 69
68 57
54 69
54 63
54 64
54 70
54 71
54 65
54 66
54 72
70 65
71 65
73 74
75 74
76 74
61 74
58 74
76 77
73 76
75 76
73 78
79 62
62 67
62 80
79 81
79 82
79 83
81 77
81 82
84 77
68 78
59 78
68 56
84 72
67 80
82 83
85 86
87 86
88 86
89 86
86 90
87 85
85 91
88 85
87 88
87 92
87 89
87 93
87 94
88 90
92 93
89 92
89 93
89 94
95 91
90 91
95 90
96 97
98 97
97 99
97 100
96 101
98 101
96 98
98 102
98 103
98 104
98 105
98 106
98 107
98 108
98 109
98 110
98 111
98 112
105 104
104 110
104 109
104 111
104 106
96 104
104 103
104 102
104 113
104 114
96 105
96 112
96 108
96 100
96 99
96 107
96 106
105 114
105 113
106 115
106 116
106 117
115 116
115 117
116 117
107 118
107 119
107 120
118 119
118 120
119 120
121 122
121 123
124 122
122 123
122 125
122 126
127 122
127 123
124 125
124 126
127 126
124 127
128 129
130 129
131 129
132 129
129 133
129 134
129 135
136 129
128 133
131 133
132 133
130 133
134 135
128 134
128 135
137 131
131 138
131 139
131 136
132 140
132 138
137 132
141 138
142 138
139 138
142 139
141 142
140 143
140 144
140 145
143 144
143 145
144 145
128 146
130 146
128 136
147 148
149 148
150 148
151 148
151 152
149 151
151 153
151 154
147 151
150 151
149 152
155 156
149 156
149 154
149 157
149 155
149 153
147 149
155 153
157 155
154 153
158 159
160 159
161 159
162 159
163 159
164 159
165 159
166 158
158 164
158 165
158 167
158 162
158 163
158 160
158 161
166 164
164 167
166 165
166 162
168 169
170 169
171 169
172 173
168 173
170 173
174 173
168 175
168 176
168 170
168 174
172 168
170 175
170 176
174 176
170 174
172 171
177 178
179 178
180 178
178 181
177 180
177 181
177 179
177 182
179 180
179 181
179 182
183 184
183 185
186 184
187 184
184 188
188 185
189 185
186 185
187 188
186 188
188 189
186 189
187 190
187 191
187 186
190 191
192 193
192 194
193 195
193 194
193 196
197 193
198 193
193 199
193 200
201 193
202 194
197 194
195 194
203 194
204 197
197 195
205 198
206 198
206 207
207 203
207 208
205 207
207 209
207 210
202 207
204 196
204 199
211 199
204 200
205 211
206 211
204 211
211 208
205 206
205 201
205 204
206 210
206 209
206 204
204 208
202 203
212 213
214 212
215 212
214 213
216 217
217 214
216 214
218 214
216 219
219 215
216 215
218 215
215 220
216 218
218 221
218 222
218 223
223 222
216 222
216 224
216 223
216 221
224 223
224 220
224 221
225 226
227 226
228 226
229 226
230 226
231 226
225 227
227 232
233 232
234 232
232 235
236 232
225 232
233 234
234 235
225 235
233 235
233 236
225 233
225 228
225 229
225 230
225 231
237 238
239 238
238 240
237 239
239 240
237 240
241 242
242 243
242 244
242 245
242 246
242 247
248 242
249 246
250 246
244 246
243 246
241 251
248 251
241 250
248 250
250 247
250 245
241 248
241 252
241 253
241 249
248 249
248 252
248 253
249 247
254 255
256 255
257 255
258 256
259 256
260 256
261 256
256 262
257 256
258 260
259 260
261 262
259 261
254 262
263 254
264 254
254 257
254 265
259 254
264 257
257 265
263 257
264 265
266 267
266 268
266 269
270 266
266 271
272 267
272 273
267 274
267 275
267 276
274 275
274 276
275 276
269 277
269 278
269 279
280 277
277 278
277 279
281 273
282 273
281 282
281 280
268 271
270 268
270 271
283 284
285 284
286 284
287 284
283 288
289 288
283 286
289 290
290 291
290 292
293 291
291 292
285 293
293 294
293 295
293 296
293 297
294 296
294 297
294 287
283 294
283 295
298 299
300 299
301 299
302 300
300 303
304 303
303 305
306 305
304 305
298 307
308 307
298 309
310 298
306 309
311 306
311 308
311 312
306 313
314 313
302 315
314 301
315 316
316 308
314 317
314 318
319 318
319 315
319 310
319 317
310 312
320 321
321 322
323 321
321 324
325 320
320 323
320 326
320 324
320 327
320 328
320 329
320 330
320 331
320 332
320 333
334 320
323 326
325 323
323 322
326 324
326 327
332 327
327 328
332 328
332 329
332 330
332 331
332 333
335 325
322 336
322 337
322 338
322 339
336 337
336 338
336 339
335 336
337 338
335 334
340 341
341 342
341 343
344 341
345 342
340 342
344 342
342 346
342 347
342 348
340 349
345 349
350 349
349 351
349 352
349 353
349 354
355 356
345 356
340 357
357 355
345 357
357 358
340 355
345 355
340 359
345 359
345 343
340 360
345 360
345 344
345 350
345 348
345 361
345 362
345 363
345 364
345 365
344 363
344 364
344 362
344 354
344 353
344 352
344 351
344 366
344 367
368 347
340 368
340 346
340 366
340 369
340 370
340 371
340 372
340 367
340 373
340 374
340 375
340 358
340 376
340 347
340 377
340 378
379 347
374 347
376 347
365 362
379 370
379 365
378 361
379 373
378 373
358 377
379 358
379 378
379 371
379 369
379 375
379 372
380 381
382 383
384 383
385 383
386 383
382 387
388 387
387 385
389 382
382 388
389 388
389 390
390 391
389 386
389 392
389 393
384 392
394 393
384 393
384 395
384 394
396 395
396 391
397 398
397 399
400 398
398 399
401 398
402 398
403 399
404 399
401 405
402 405
401 406
402 406
403 401
401 402
407 401
408 401
409 401
403 402
402 410
400 411
403 411
400 412
413 412
403 412
400 413
403 413
400 404
400 403
400 414
400 407
403 409
403 407
403 408
403 410
403 414
415 416
415 417
416 418
419 420
420 417
420 421
420 422
419 423
419 421
419 422
423 424
425 418
426 418
425 424
425 426
427 428
429 427
430 428
431 432
433 432
429 432
431 434
431 435
431 433
436 433
437 438
438 439
440 438
438 441
437 439
442 441
442 443
442 444
429 442
441 443
441 444
429 445
440 445
446 440
437 447
435 447
436 429
448 429
448 449
446 449
446 430
449 450
450 434
451 452
452 453
452 454
452 455
456 453
453 457
453 454
451 453
457 454
456 454
454 458
459 454
456 458
460 461
462 461
456 461
459 461
463 461
464 461
459 463
463 465
456 463
460 463
462 463
459 464
459 455
459 456
456 455
464 465
460 466
451 466
467 468
467 469
467 470
471 467
472 469
471 469
469 470
468 469
472 470
471 470
471 468
473 474
475 474
476 474
477 474
478 474
479 474
480 474
475 478
475 477
475 481
473 475
473 478
477 481
476 477
476 481
476 479
476 480
482 483
483 484
483 485
486 483
482 484
487 485
487 488
487 489
487 490
487 491
489 492
482 486
482 493
482 494
493 492
495 494
495 492
495 496
497 496
495 490
495 488
497 498
499 491
500 491
501 491
500 498
500 501
499 500
502 503
504 503
505 503
506 503
507 503
508 503
504 509
506 509
502 509
505 509
504 506
504 508
504 510
504 511
512 504
502 506
502 510
512 507
507 511
512 511
512 508
513 514
514 515
516 517
518 517
519 517
517 520
513 520
521 520
522 519
523 519
519 524
519 525
519 526
519 527
519 528
519 529
519 530
519 531
519 532
519 533
521 519
534 524
535 533
536 533
537 533
538 533
522 533
523 533
536 539
540 539
538 541
538 542
538 527
538 528
513 543
513 544
545 543
543 541
545 531
545 546
546 547
548 546
549 546
550 546
545 534
545 540
545 551
537 515
537 552
537 553
552 554
555 554
551 553
535 550
556 532
557 532
556 530
557 530
556 548
555 542
555 547
558 555
518 558
516 529
516 544
516 549
516 525
516 526
559 560
561 560
562 560
563 560
564 560
565 560
566 560
560 567
568 560
563 565
566 565
559 565
561 565
564 565
563 566
563 569
562 563
563 570
561 562
564 571
564 572
564 567
564 569
569 572
569 571
568 569
568 570
0 86
0 164
0 173
0 184
0 195
0 233
0 288
0 327
340 0
402 0
0 503
0 546
177 1
43 4
310 4
7 15
62 7
8 148
8 273
8 416
8 427
13 156
13 273
425 13
13 427
76 15
104 24
138 24
460 24
467 24
475 24
487 24
24 567
212 32
235 45
402 45
87 50
206 50
310 50
43 126
43 166
43 175
43 188
43 284
43 327
43 341
43 383
43 507
43 532
46 179
55 156
62 273
62 415
62 432
177 86
293 86
400 85
87 126
87 341
87 383
87 507
87 532
88 320
162 92
170 92
188 92
319 92
205 93
235 94
104 487
104 560
96 133
96 221
105 458
105 467
105 474
168 121
335 121
402 122
122 505
122 537
162 126
235 126
383 126
187 124
205 124
293 124
319 124
218 133
131 461
131 469
131 475
131 564
132 500
266 148
425 156
439 153
158 232
158 326
340 158
158 503
545 158
170 166
179 162
187 162
205 162
293 162
319 162
162 383
162 398
293 169
177 173
310 173
340 173
545 173
186 175
170 193
170 232
170 326
170 512
396 174
400 172
177 183
177 197
177 232
177 289
310 177
177 320
368 177
177 503
177 519
235 189
187 206
187 289
187 314
187 320
187 341
187 383
187 402
187 507
187 545
205 289
205 314
205 320
205 341
205 383
205 402
205 507
205 545
206 235
452 212
469 212
212 572
493 213
223 477
235 284
235 327
340 235
235 383
402 235
235 507
235 532
310 233
241 255
248 254
266 429
425 273
391 286
298 291
293 340
293 545
294 503
283 332
368 299
298 507
314 320
319 545
310 397
340 320
518 324
507 327
400 335
396 334
400 341
340 507
340 542
351 392
400 383
396 502
396 520
400 505
400 552
423 427
452 470
564 453
492 461
456 480
467 474
487 467
564 467
475 560
492 477
487 567
507 532
